



<><><><><><><><><><><><><><><><><><><><><><><><><><><><><><><><><><><><><><><>
                          Lo¿a Szyderców and Company                          
                                 PRZEDSTAWIA                                  
                           Transformacja afiniczna                            
Wykonali:
in¿. Damian Ozga
in¿. Kamil Olko
                                   AGH 2020                                   
<><><><><><><><><><><><><><><><><><><><><><><><><><><><><><><><><><><><><><><>
*******************************************************************************
                              PUNKTY DOSTOSOWANIE                              
*******************************************************************************

Nr     X_pier[pix]  Y_pier[pix]  X_wt[mx]     Y_wt[mx]     Vx[mx]    Vy[mx]   
1_9    644.00       58.00        153.75       5.60         -6.250    5.599    
1_8    594.00       50.00        137.65       3.45         -2.346    3.454    
1_7    540.00       44.00        120.28       1.90         0.278     1.904    
1_6    480.00       38.00        100.97       0.38         0.973     0.376    
1_5    418.00       36.00        81.03        0.02         1.034     0.019    
1_4    354.00       34.00        60.45        -0.33        0.453     -0.331   
1_3    292.00       37.00        40.53        0.77         0.527     0.766    
1_2    233.00       41.00        21.57        2.14         1.568     2.143    
1_1    179.00       48.00        4.22         4.37         4.224     4.375    
2_9    648.00       86.00        155.11       13.73        -4.894    3.728    
2_8    597.00       80.00        138.69       12.17        -1.306    2.168    
2_7    540.00       73.00        120.35       10.34        0.351     0.339    
2_6    479.00       67.00        100.72       8.81         0.724     -1.186   
2_5    416.00       64.00        80.46        8.17         0.461     -1.830   
2_4    352.00       64.00        59.88        8.40         -0.115    -1.598   
2_3    289.00       67.00        39.64        9.50         -0.363    -0.498   
2_2    230.00       70.00        20.68        10.59        0.676     0.589    
2_1    175.00       76.00        3.01         12.53        3.008     2.533    
3_9    652.00       116.00       156.47       22.44        -3.533    2.439    
3_8    600.00       110.00       139.73       20.88        -0.267    0.883    
3_7    543.00       106.00       121.40       19.93        1.397     -0.074   
3_6    480.00       99.00        101.13       18.12        1.125     -1.882   
3_5    416.00       97.00        80.54        17.77        0.544     -2.232   
3_4    350.00       91.00        59.31        16.26        -0.691    -3.738   
3_3    285.00       97.00        38.43        18.24        -1.574    -1.758   
3_2    228.00       101.00       20.11        19.61        0.110     -0.388   
3_1    172.00       107.00       2.12         21.56        2.121     1.560    
4_9    654.00       147.00       157.19       31.45        -2.813    1.448    
4_8    601.00       142.00       140.13       30.19        0.135     0.186    
4_7    544.00       137.00       121.80       28.94        1.796     -1.062   
4_6    481.00       132.00       101.53       27.71        1.529     -2.288   
4_5    417.00       132.00       80.95        27.94        0.953     -2.056   
4_4    350.00       130.00       59.41        27.60        -0.593    -2.395   
4_3    285.00       132.00       38.51        28.42        -1.486    -1.578   
4_2    225.00       133.00       19.23        28.93        -0.774    -1.070   
4_1    169.00       139.00       1.24         30.88        1.236     0.878    
5_9    656.00       179.00       157.91       40.75        -2.090    0.748    
5_8    604.00       174.00       141.18       39.48        1.179     -0.518   
5_7    546.00       171.00       122.52       38.82        2.524     -1.181   
5_6    482.00       166.00       101.94       37.60        1.935     -2.403   
5_5    417.00       167.00       81.04        38.12        1.040     -1.877   
5_4    348.00       166.00       58.85        38.08        -1.146    -1.918   
5_3    284.00       166.00       38.28        38.31        -1.723    -1.686   
5_2    222.00       168.00       18.35        39.12        -1.651    -0.880   
5_1    166.00       170.00       0.35         39.90        0.349     -0.095   
6_9    657.00       211.00       158.31       50.05        -1.689    0.051    
6_8    604.00       209.00       141.27       49.66        1.267     -0.339   
6_7    547.00       208.00       122.94       49.58        2.938     -0.423   
6_6    483.00       206.00       102.36       49.23        2.357     -0.773   
6_5    416.00       202.00       80.81        48.31        0.806     -1.694   
6_4    348.00       202.00       58.94        48.55        -1.057    -1.447   
6_3    283.00       203.00       38.05        49.08        -1.952    -0.921   
6_2    221.00       201.00       18.11        48.72        -1.890    -1.278   
6_1    165.00       206.00       0.12         50.38        0.118     0.379    
7_9    658.00       244.00       158.72       59.65        -1.285    -0.355   
7_8    605.00       243.00       141.67       59.55        1.673     -0.454   
7_7    546.00       241.00       122.70       59.18        2.699     -0.822   
7_6    482.00       240.00       102.12       59.12        2.120     -0.881   
7_5    416.00       240.00       80.90        59.36        0.901     -0.642   
7_4    348.00       239.00       59.04        59.31        -0.964    -0.686   
7_3    281.00       239.00       37.49        59.56        -2.505    -0.444   
7_2    220.00       240.00       17.89        60.07        -2.114    0.068    
7_1    164.00       239.00       -0.12        59.98        -0.121    -0.020   
8_9    658.00       278.00       158.80       69.53        -1.200    -0.466   
8_8    605.00       278.00       141.76       69.73        1.760     -0.274   
8_7    546.00       279.00       122.79       70.23        2.794     0.230    
8_6    483.00       279.00       102.54       70.46        2.539     0.459    
8_5    415.00       277.00       80.67        70.12        0.672     0.123    
8_4    347.00       276.00       58.81        70.08        -1.193    0.078    
8_3    281.00       277.00       37.59        70.61        -2.410    0.608    
8_2    219.00       274.00       17.65        69.96        -2.351    -0.040   
8_1    163.00       274.00       -0.36        70.16        -0.355    0.163    
9_9    657.00       311.00       158.56       79.14        -1.439    -0.865   
9_8    604.00       313.00       141.53       79.91        1.526     -0.091   
9_7    546.00       312.00       122.88       79.83        2.876     -0.172   
9_6    482.00       314.00       102.31       80.64        2.305     0.642    
9_5    416.00       313.00       81.08        80.59        1.083     0.590    
9_4    347.00       312.00       58.90        80.55        -1.103    0.549    
9_3    282.00       312.00       38.00        80.78        -2.001    0.784    
9_2    219.00       310.00       17.74        80.43        -2.261    0.431    
9_1    164.00       308.00       0.05         80.05        0.051     0.048    
10_9   655.00       344.00       158.00       88.74        -1.999    -1.259   
10_8   603.00       346.00       141.29       89.51        1.287     -0.490   
10_7   544.00       348.00       122.32       90.31        2.323     0.306    
10_6   480.00       350.00       101.75       91.12        1.752     1.119    
10_5   415.00       350.00       80.85        91.35        0.854     1.355    
10_4   347.00       349.00       58.99        91.31        -1.011    1.310    
10_3   281.00       346.00       37.76        90.68        -2.238    0.676    
10_2   220.00       345.00       18.15        90.61        -1.852    0.606    
10_1   165.00       341.00       0.45         89.64        0.455     -0.358   
11_9   654.00       374.00       157.75       97.47        -2.246    -2.531   
11_8   600.00       380.00       140.41       99.41        0.408     -0.590   
11_7   542.00       383.00       121.77       100.49       1.768     0.493    
11_6   479.00       385.00       101.52       101.30       1.518     1.302    
11_5   414.00       386.00       80.62        101.83       0.622     1.829    
11_4   347.00       385.00       59.08        101.78       -0.921    1.780    
11_3   283.00       382.00       38.50        101.14       -1.505    1.140    
11_2   222.00       379.00       18.88        100.49       -1.124    0.488    
11_1   166.00       375.00       0.86         99.53        0.861     -0.473   
12_9   652.00       406.00       157.19       106.78       -2.809    -3.216   
12_8   599.00       412.00       140.17       108.72       0.166     -1.279   
12_7   541.00       419.00       121.54       110.97       1.536     0.966    
12_6   478.00       420.00       101.28       111.49       1.284     1.485    
12_5   413.00       420.00       80.39        111.72       0.386     1.721    
12_4   348.00       418.00       59.48        111.37       -0.517    1.374    
12_3   284.00       417.00       38.90        111.32       -1.096    1.315    
12_2   223.00       412.00       19.28        110.08       -0.720    0.082    
12_1   168.00       408.00       1.59         109.12       1.587     -0.882   

*******************************************************************************
                            PARAMETRY TRANSFORMACJI                            
*******************************************************************************

a = -53.4452497         ma = 0.5452426           
b = 0.3215065           mb = 0.0010187           
c = 0.0024973           mc = 0.0013788           
d = -8.9375738          md = 0.5452426           
e = -0.0036210          me = 0.0010187           
f = 0.2908425           mf = 0.0013788           

*******************************************************************************
                               OCENA DOK£ADNOŒCI                               
*******************************************************************************

Proces transformacji:
m0 = 1.69913             
mx = 1.81461             
my = 1.52195             
RMS_x = 1.78923             
RMS_y = 1.50066             

Odchylenia standardowe wartoœci œrednich poprawek:
Sigma srednie_vx = 1.79757             
Sigma srednie_vy = 1.50765             
1.98*sigma sr_vx = 3.55919             
1.98*sigma sr_vy = 2.98516             
1.98*sigma sr_vx = 3.55919             
1.98*sigma sr_vy = 2.98516             

Wartoœci maksymalne i minimalne poprawek:
Vx_min = -6.25023            
Vx_max = 4.22428             
Vy_min = -3.73825            
Vy_max = 5.59939             

Test Blanda - Altmana:

Oœ X:
Vx_min < -1.98*sigma_œr_Vx
Vx_max < 1.98*sigma_œr_Vx
Oœ X nie spe³nia testu

Oœ Y
Vx_min < 1.98*sigma_œr_Vx
Vx_max < 1.98*sigma_œr_Vx
Oœ Y nie spe³nia testu

<><><><><><><><><><><><><><><><><><><><><><><><><><><><><><><><><><><><><><><>
                      Data wykonania 07.07.2020 14:05:51
<><><><><><><><><><><><><><><><><><><><><><><><><><><><><><><><><><><><><><><>