



<><><><><><><><><><><><><><><><><><><><><><><><><><><><><><><><><><><><><><><>
                          Lo¿a Szyderców and Company                          
                                 PRZEDSTAWIA                                  
                 Transformacja wielomianowa drugiego stopnia                  
Wykonali:
in¿. Damian Ozga
in¿. Kamil Olko
                                   AGH 2020                                   
<><><><><><><><><><><><><><><><><><><><><><><><><><><><><><><><><><><><><><><>
*******************************************************************************
                              PUNKTY DOSTOSOWANIE                              
*******************************************************************************

Nr     X_pier[pix]  Y_pier[pix]  X_wt[mx]     Y_wt[mx]     Vx[mx]    Vy[mx]   
1_9    644.00       58.00        155.76       3.52         -4.235    3.524    
1_8    594.00       50.00        138.96       1.78         -1.036    1.778    
1_7    540.00       44.00        120.92       0.62         0.916     0.624    
1_6    480.00       38.00        101.00       -0.56        1.001     -0.561   
1_5    418.00       36.00        80.58        -0.61        0.581     -0.612   
1_4    354.00       34.00        59.69        -0.78        -0.315    -0.784   
1_3    292.00       37.00        39.64        0.43         -0.357    0.425    
1_2    233.00       41.00        20.76        1.79         0.759     1.788    
1_1    179.00       48.00        3.66         3.93         3.661     3.926    
2_9    648.00       86.00        156.94       12.15        -3.055    2.147    
2_8    597.00       80.00        139.83       11.03        -0.165    1.029    
2_7    540.00       73.00        120.84       9.59         0.835     -0.410   
2_6    479.00       67.00        100.64       8.39         0.644     -1.607   
2_5    416.00       64.00        79.95        8.01         -0.045    -1.991   
2_4    352.00       64.00        59.13        8.41         -0.873    -1.592   
2_3    289.00       67.00        38.83        9.57         -1.170    -0.432   
2_2    230.00       70.00        20.00        10.57        0.004     0.574    
2_1    175.00       76.00        2.64         12.35        2.642     2.353    
3_9    652.00       116.00       158.11       21.32        -1.888    1.316    
3_8    600.00       110.00       140.71       20.20        0.705     0.202    
3_7    543.00       106.00       121.74       19.67        1.743     -0.333   
3_6    480.00       99.00        100.95       18.16        0.949     -1.835   
3_5    416.00       97.00        80.00        18.06        -0.004    -1.942   
3_4    350.00       91.00        58.57        16.61        -1.431    -3.390   
3_3    285.00       97.00        37.71        18.63        -2.291    -1.374   
3_2    228.00       101.00       19.59        19.88        -0.408    -0.123   
3_1    172.00       107.00       1.98         21.60        1.976     1.595    
4_9    654.00       147.00       158.60       30.74        -1.400    0.740    
4_8    601.00       142.00       140.90       29.93        0.901     -0.073   
4_7    544.00       137.00       122.00       29.06        1.996     -0.936   
4_6    481.00       132.00       101.26       28.15        1.259     -1.855   
4_5    417.00       132.00       80.37        28.60        0.372     -1.399   
4_4    350.00       130.00       58.71        28.32        -1.294    -1.676   
4_3    285.00       132.00       37.90        29.08        -2.095    -0.922   
4_2    225.00       133.00       18.88        29.38        -1.118    -0.617   
4_1    169.00       139.00       1.33         31.04        1.332     1.040    
5_9    656.00       179.00       159.08       40.38        -0.916    0.379    
5_8    604.00       174.00       141.77       39.54        1.766     -0.464   
5_7    546.00       171.00       122.58       39.26        2.575     -0.737   
5_6    482.00       166.00       101.57       38.33        1.572     -1.674   
5_5    417.00       167.00       80.43        39.04        0.429     -0.961   
5_4    348.00       166.00       58.20        39.02        -1.800    -0.980   
5_3    284.00       166.00       37.78        39.12        -2.215    -0.876   
5_2    222.00       168.00       18.21        39.67        -1.792    -0.330   
5_1    166.00       170.00       0.69         40.10        0.691     0.096    
6_9    657.00       211.00       159.24       49.94        -0.763    -0.061   
6_8    604.00       209.00       141.63       49.98        1.625     -0.020   
6_7    547.00       208.00       122.82       50.26        2.823     0.255    
6_6    483.00       206.00       101.89       50.17        1.890     0.170    
6_5    416.00       202.00       80.17        49.37        0.171     -0.630   
6_4    348.00       202.00       58.34        49.59        -1.655    -0.410   
6_3    283.00       203.00       37.69        49.94        -2.308    -0.065   
6_2    221.00       201.00       18.16        49.27        -1.841    -0.734   
6_1    165.00       206.00       0.73         50.51        0.733     0.508    
7_9    658.00       244.00       159.39       59.70        -0.610    -0.297   
7_8    605.00       243.00       141.83       60.01        1.826     0.007    
7_7    546.00       241.00       122.43       59.97        2.429     -0.029   
7_6    482.00       240.00       101.57       60.14        1.565     0.136    
7_5    416.00       240.00       80.25        60.45        0.251     0.454    
7_4    348.00       239.00       58.50        60.33        -1.498    0.330    
7_3    281.00       239.00       37.29        60.33        -2.711    0.331    
7_2    220.00       240.00       18.17        60.48        -1.831    0.478    
7_1    164.00       239.00       0.76         59.95        0.755     -0.053   
8_9    658.00       278.00       159.21       69.67        -0.791    -0.329   
8_8    605.00       278.00       141.70       70.23        1.699     0.231    
8_7    546.00       279.00       122.36       71.02        2.361     1.025    
8_6    483.00       279.00       101.90       71.42        1.898     1.424    
8_5    415.00       277.00       80.02        71.12        0.017     1.123    
8_4    347.00       276.00       58.35        70.95        -1.649    0.946    
8_3    281.00       277.00       37.54        71.18        -2.460    1.177    
8_2    219.00       274.00       18.15        70.14        -1.852    0.137    
8_1    163.00       274.00       0.81         69.85        0.807     -0.152   
9_9    657.00       311.00       158.71       79.26        -1.289    -0.743   
9_8    604.00       313.00       141.25       80.35        1.252     0.352    
9_7    546.00       312.00       122.31       80.52        2.310     0.517    
9_6    482.00       314.00       101.59       81.45        1.592     1.446    
9_5    416.00       313.00       80.43        81.38        0.429     1.377    
9_4    347.00       312.00       58.52        81.15        -1.479    1.153    
9_3    282.00       312.00       38.09        81.05        -1.909    1.053    
9_2    219.00       310.00       18.46        80.25        -1.537    0.253    
9_1    164.00       308.00       1.47         79.37        1.472     -0.629   
10_9   655.00       344.00       157.89       88.75        -2.109    -1.249   
10_8   603.00       346.00       140.82       89.79        0.820     -0.209   
10_7   544.00       348.00       121.61       90.77        1.614     0.771    
10_6   480.00       350.00       100.97       91.64        0.975     1.640    
10_5   415.00       350.00       80.21        91.80        0.214     1.797    
10_4   347.00       349.00       58.70        91.52        -1.296    1.521    
10_3   281.00       346.00       38.02        90.53        -1.983    0.534    
10_2   220.00       345.00       19.09        89.98        -0.914    -0.020   
10_1   165.00       341.00       2.13         88.52        2.131     -1.485   
11_9   654.00       374.00       157.42       97.29        -2.575    -2.715   
11_8   600.00       380.00       139.74       99.42        -0.257    -0.575   
11_7   542.00       383.00       120.93       100.62       0.931     0.624    
11_6   479.00       385.00       100.69       101.43       0.689     1.431    
11_5   414.00       386.00       80.01        101.81       0.006     1.814    
11_4   347.00       385.00       58.89        101.49       -1.110    1.488    
11_3   283.00       382.00       38.90        100.47       -1.101    0.469    
11_2   222.00       379.00       20.01        99.33        0.013     -0.670   
11_1   166.00       375.00       2.81         97.83        2.806     -2.167   
12_9   652.00       406.00       156.63       106.31       -3.370    -3.695   
12_8   599.00       412.00       139.33       108.38       -0.666    -1.621   
12_7   541.00       419.00       120.58       110.63       0.581     0.634    
12_6   478.00       420.00       100.41       111.11       0.413     1.109    
12_5   413.00       420.00       79.80        111.16       -0.198    1.164    
12_4   348.00       418.00       59.38        110.52       -0.620    0.524    
12_3   284.00       417.00       39.47        110.01       -0.533    0.013    
12_2   223.00       412.00       20.63        108.30       0.627     -1.700   
12_1   168.00       408.00       3.78         106.79       3.779     -3.214   

*******************************************************************************
                            PARAMETRY TRANSFORMACJI                            
*******************************************************************************

a0 = -52.8601411         m_a0 = 1.4677510           
a1 = 0.3092763           m_a1 = 0.0061304           
a2 = 0.0138993           m_a2 = 0.0066176           
a3 = -0.0000316          m_a3 = 0.0000082           
a4 = 0.0000237           m_a4 = 0.0000070           
a5 = 0.0000031           m_a5 = 0.0000124           
b0 = -11.2246348         m_b0 = 1.4677510           
b1 = 0.0061669           m_b1 = 0.0061304           
b2 = 0.3029935           m_b2 = 0.0066176           
b3 = 0.0000213           m_b3 = 0.0000082           
b4 = -0.0000179          m_b4 = 0.0000070           
b5 = -0.0000457          m_b5 = 0.0000124           

*******************************************************************************
                               OCENA DOK£ADNOŒCI                               
*******************************************************************************

Proces transformacji:
m0=1.55850             
mx=1.66383             
my=1.34305             
RMS_x=1.61695             
RMS_y=1.30521             

Odchylenia standardowe wartoœci œrednich poprawek:
Sigma srednie_vx=1.62449             
Sigma srednie_vy=1.31129             
1.98*sigma sr_vx = 3.21649             
1.98*sigma sr_vy = 2.59636             
1.98*sigma sr_vx = 3.21649             
1.98*sigma sr_vy = 2.59636             

Wartoœci maksymalne i minimalne poprawek:
Vx_min = -4.23537            
Vx_max = 3.77909             
Vy_min = -3.69496            
Vy_max = 3.92622             

Test Blanda - Altmana:

Oœ X:
Vx_min < -1.98*sigma_œr_Vx
Vx_max < 1.98*sigma_œr_Vx
Oœ X nie spe³nia testu

Oœ Y
Vx_min < 1.98*sigma_œr_Vx
Vx_max < 1.98*sigma_œr_Vx
Oœ Y nie spe³nia testu

<><><><><><><><><><><><><><><><><><><><><><><><><><><><><><><><><><><><><><><>
                      Data wykonania 07.07.2020 14:05:51
<><><><><><><><><><><><><><><><><><><><><><><><><><><><><><><><><><><><><><><>